-25 -10 2 0.0 0.0 0.0 1.0
-20 -10 2 0.0 0.0 0.0 1.0
-15 -10 2 0.0 0.0 0.0 1.0
-10 -10 2 0.0 0.0 0.0 1.0
-5 -10 2 0.0 0.0 0.0 1.0
0 -10 2 0.0 0.0 0.0 1.0
5 -10 2 0.0 0.0 0.0 1.0
10 -10 2 0.0 0.0 0.0 1.0
15 -10 2 0.0 0.0 0.0 1.0
20 -10 2 0.0 0.0 0.0 1.0
25 -10 2 0.0 0.0 0.0 1.0
30 -10 2 0.0 0.0 0.0 1.0
35 -10 2 0.0 0.0 0.0 1.0
40 -10 2 0.0 0.0 0.0 1.0
45 -10 2 0.0 0.0 0.5606288093051838 0.8280672304692729
47 -5 2 0.0 0.0 0.0 1.0
42 -5 2 0.0 0.0 0.0 1.0
37 -5 2 0.0 0.0 0.0 1.0
32 -5 2 0.0 0.0 0.0 1.0
27 -5 2 0.0 0.0 0.0 1.0
22 -5 2 0.0 0.0 0.0 1.0
17 -5 2 0.0 0.0 0.0 1.0
12 -5 2 0.0 0.0 0.0 1.0
7 -5 2 0.0 0.0 0.0 1.0
2 -5 2 0.0 0.0 0.0 1.0
-3 -5 2 0.0 0.0 0.0 1.0
-8 -5 2 0.0 0.0 0.0 1.0
-13 -5 2 0.0 0.0 0.0 1.0
-18 -5 2 0.0 0.0 0.0 1.0
-23 -5 2 0.0 -0.0 0.8280672304692729 0.5606288093051838
-25 0 2 0.0 0.0 0.0 1.0
-20 0 2 0.0 0.0 0.0 1.0
-15 0 2 0.0 0.0 0.0 1.0
-10 0 2 0.0 0.0 0.0 1.0
-5 0 2 0.0 0.0 0.0 1.0
0 0 2 0.0 0.0 0.0 1.0
5 0 2 0.0 0.0 0.0 1.0
10 0 2 0.0 0.0 0.0 1.0
15 0 2 0.0 0.0 0.0 1.0
20 0 2 0.0 0.0 0.0 1.0
25 0 2 0.0 0.0 0.0 1.0
30 0 2 0.0 0.0 0.0 1.0
35 0 2 0.0 0.0 0.0 1.0
40 0 2 0.0 0.0 0.0 1.0
45 0 2 0.0 0.0 0.5606288093051838 0.8280672304692729
47 5 2 0.0 0.0 0.0 1.0
42 5 2 0.0 0.0 0.0 1.0
37 5 2 0.0 0.0 0.0 1.0
32 5 2 0.0 0.0 0.0 1.0
27 5 2 0.0 0.0 0.0 1.0
22 5 2 0.0 0.0 0.0 1.0
17 5 2 0.0 0.0 0.0 1.0
12 5 2 0.0 0.0 0.0 1.0
7 5 2 0.0 0.0 0.0 1.0
2 5 2 0.0 0.0 0.0 1.0
-3 5 2 0.0 0.0 0.0 1.0
-8 5 2 0.0 0.0 0.0 1.0
-13 5 2 0.0 0.0 0.0 1.0
-18 5 2 0.0 0.0 0.0 1.0
-23 5 2 0.0 -0.16202732270005657 0.8101366135002831 0.5634055503497855
-25 10 3 0.0 0.0 0.0 1.0
-20 10 3 0.0 0.0 0.0 1.0
-15 10 3 0.0 0.0 0.0 1.0
-10 10 3 0.0 0.0 0.0 1.0
-5 10 3 0.0 0.0 0.0 1.0
0 10 3 0.0 0.0 0.0 1.0
5 10 3 0.0 0.0 0.0 1.0
10 10 3 0.0 0.0 0.0 1.0
15 10 3 0.0 0.0 0.0 1.0
20 10 3 0.0 0.0 0.0 1.0
25 10 3 0.0 0.0 0.0 1.0
30 10 3 0.0 0.0 0.0 1.0
35 10 3 0.0 0.0 0.0 1.0
40 10 3 0.0 0.0 0.0 1.0
45 10 3 0.0 0.0 -0.5606288093051838 0.8280672304692729
47 5 3 0.0 0.0 0.0 1.0
42 5 3 0.0 0.0 0.0 1.0
37 5 3 0.0 0.0 0.0 1.0
32 5 3 0.0 0.0 0.0 1.0
27 5 3 0.0 0.0 0.0 1.0
22 5 3 0.0 0.0 0.0 1.0
17 5 3 0.0 0.0 0.0 1.0
12 5 3 0.0 0.0 0.0 1.0
7 5 3 0.0 0.0 0.0 1.0
2 5 3 0.0 0.0 0.0 1.0
-3 5 3 0.0 0.0 0.0 1.0
-8 5 3 0.0 0.0 0.0 1.0
-13 5 3 0.0 0.0 0.0 1.0
-18 5 3 0.0 0.0 0.0 1.0
-23 5 3 0.0 -0.0 -0.8280672304692729 0.5606288093051838
-25 0 3 0.0 0.0 0.0 1.0
-20 0 3 0.0 0.0 0.0 1.0
-15 0 3 0.0 0.0 0.0 1.0
-10 0 3 0.0 0.0 0.0 1.0
-5 0 3 0.0 0.0 0.0 1.0
0 0 3 0.0 0.0 0.0 1.0
5 0 3 0.0 0.0 0.0 1.0
10 0 3 0.0 0.0 0.0 1.0
15 0 3 0.0 0.0 0.0 1.0
20 0 3 0.0 0.0 0.0 1.0
25 0 3 0.0 0.0 0.0 1.0
30 0 3 0.0 0.0 0.0 1.0
35 0 3 0.0 0.0 0.0 1.0
40 0 3 0.0 0.0 0.0 1.0
45 0 3 0.0 0.0 -0.5606288093051838 0.8280672304692729
47 -5 3 0.0 0.0 0.0 1.0
42 -5 3 0.0 0.0 0.0 1.0
37 -5 3 0.0 0.0 0.0 1.0
32 -5 3 0.0 0.0 0.0 1.0
27 -5 3 0.0 0.0 0.0 1.0
22 -5 3 0.0 0.0 0.0 1.0
17 -5 3 0.0 0.0 0.0 1.0
12 -5 3 0.0 0.0 0.0 1.0
7 -5 3 0.0 0.0 0.0 1.0
2 -5 3 0.0 0.0 0.0 1.0
-3 -5 3 0.0 0.0 0.0 1.0
-8 -5 3 0.0 0.0 0.0 1.0
-13 -5 3 0.0 0.0 0.0 1.0
-18 -5 3 0.0 0.0 0.0 1.0
-23 -5 3 0.0 0.0 0.0 1.0
