23.829000 -13.318000 1.000000 0.944691 0.000000 0.000000 0.327961 1.962207 1.549111 0.000000
29.529000 -8.818000 1.000000 0.471858 0.000000 0.000000 0.881675 -2.854630 4.281946 0.000000
26.529000 -4.318000 1.000000 0.605126 0.000000 0.000000 0.796129 -1.275350 4.591259 0.000000
25.029000 1.082000 1.000000 0.049814 0.000000 0.000000 -0.998759 -4.213841 -0.421384 0.000000
19.029000 0.482000 1.000000 0.000000 0.000000 0.000000 1.000000 -4.354373 0.000000 0.000000
13.029000 0.482000 1.000000 0.584710 0.000000 0.000000 0.811242 -1.187921 3.563764 0.000000
11.529000 4.982000 1.000000 0.074376 0.000000 0.000000 0.997230 -3.954260 0.593139 0.000000
5.529000 5.882000 1.000000 0.138701 0.000000 0.000000 -0.990334 -3.940048 -1.125728 0.000000
1.329000 4.682000 1.000000 0.923880 0.000000 0.000000 -0.382683 2.995068 -2.995068 0.000000
5.529000 0.482000 1.000000 0.461810 0.000000 0.000000 -0.886979 -2.261091 -3.230130 0.000000
3.429000 -2.518000 1.000000 0.160182 0.000000 0.000000 0.987087 -3.308533 1.102844 0.000000
-0.171000 -1.318000 1.000000 0.487803 0.000000 0.000000 -0.872954 -1.981592 -3.220087 0.000000
-2.571000 -5.218000 1.000000 0.452016 0.000000 0.000000 0.892010 -1.921538 2.620279 0.000000
-5.871000 -0.718000 1.000000 0.000000 0.000000 0.000000 1.000000 -3.359050 0.000000 0.000000
-9.471000 -0.718000 1.000000 0.173503 0.000000 0.000000 0.984833 -3.111891 1.131597 0.000000
-12.771000 0.482000 1.000000 0.578640 0.000000 0.000000 0.815583 -1.376086 3.931673 0.000000
-14.871000 6.482000 1.000000 0.145213 0.000000 0.000000 -0.989400 -3.576493 -1.072948 0.000000
-20.871000 4.682000 1.000000 0.844333 0.000000 0.000000 -0.535819 1.627373 -3.458168 0.000000
-18.471000 -0.418000 1.000000 0.242536 0.000000 0.000000 -0.970143 -2.878676 -1.535294 0.000000
-22.971000 -2.818000 1.000000 0.578640 0.000000 0.000000 -0.815583 -1.495752 -4.273578 0.000000
-25.071000 -8.818000 1.000000 0.492699 0.000000 0.000000 0.870200 -2.180354 3.633923 0.000000
-26.871000 -5.818000 1.000000 0.995709 0.000000 0.000000 -0.092541 4.125027 -0.773443 0.000000
-22.071000 -6.718000 1.000000 0.968560 0.000000 0.000000 -0.248781 4.477339 -2.462536 0.000000
-16.071000 -10.018000 1.000000 0.992508 0.000000 0.000000 0.122183 4.887515 1.221879 0.000000
-10.071000 -8.518000 1.000000 0.985865 0.000000 0.000000 -0.167543 4.383267 -1.534144 0.000000
-4.071000 -10.618000 1.000000 0.992508 0.000000 0.000000 -0.122183 4.506017 -1.126504 0.000000
1.929000 -12.118000 1.000000 0.989400 0.000000 0.000000 0.145213 4.405944 1.321783 0.000000
7.929000 -10.318000 1.000000 0.988883 0.000000 0.000000 0.148696 4.347612 1.337727 0.000000
11.829000 -9.118000 1.000000 0.907178 0.000000 0.000000 0.420748 2.085291 2.464435 0.000000
15.129000 -5.218000 1.000000 0.999513 0.000000 0.000000 0.031204 3.796825 0.237302 0.000000
19.929000 -4.918000 1.000000 0.805691 0.000000 0.000000 -0.592336 1.040205 -3.328657 0.000000
21.429000 -9.718000 1.000000 0.881675 0.000000 0.000000 -0.471858 2.616000 -3.924000 0.000000
23.829000 -13.318000 1.000000 0.881675 0.000000 0.000000 -0.471858 1.533746 -2.300619 0.000000
